0 7964 1574 5175 7693 1415 9000 921 0 3954 4187 9544 0 
7964 0 9944 2536 5708 8238 0 4936 1883 0 0 1801 5980 
1574 9944 0 0 0 3056 8165 0 8130 7141 6017 0 8836 
5175 2536 0 0 7571 0 0 0 0 0 554 0 8287 
7693 5708 0 7571 0 9806 189 0 0 8536 6564 6790 7406 
1415 8238 3056 0 9806 0 0 0 8066 8543 8088 5113 6514 
9000 0 8165 0 189 0 0 0 8428 0 8812 169 8135 
921 4936 0 0 0 0 0 0 518 0 2888 5211 8521 
0 1883 8130 0 0 8066 8428 518 0 922 0 4033 6583 
3954 0 7141 0 8536 8543 0 0 922 0 914 2326 3780 
4187 0 6017 554 6564 8088 8812 2888 0 914 0 3586 0 
9544 1801 0 0 6790 5113 169 5211 4033 2326 3586 0 9474 
0 5980 8836 8287 7406 6514 8135 8521 6583 3780 0 9474 0 
