0 9556 2711 4210 5162 5447 9497 2304 0 3449 0 0 0 0 3207 0 0 0 8876 0 0 0 4042 6370 0 5912 3918 3067 9657 287 
9556 0 9470 1786 8655 6878 3851 3860 0 4596 5339 655 9475 2939 9683 0 1902 5196 5838 9876 8309 0 5845 9768 2439 5048 6277 9508 4458 1501 
2711 9470 0 9069 2079 0 0 0 3366 3174 1654 2474 1981 1325 0 5954 0 0 4656 0 0 2642 1326 9481 4230 2251 9917 992 1597 4789 
4210 1786 9069 0 3016 5374 8958 0 7360 856 5160 8906 9192 6097 0 4431 2600 7960 4343 5887 0 238 2623 0 0 7829 9206 7070 0 0 
5162 8655 2079 3016 0 4891 2476 0 837 7208 6731 9936 8264 9425 1825 0 8890 6410 9082 5693 2446 0 0 0 0 26 9593 6681 0 2458 
5447 6878 0 5374 4891 0 5070 0 0 7731 4723 0 583 5719 9920 4187 3909 1989 0 1751 8032 9250 7226 3822 0 0 0 9175 7922 2496 
9497 3851 0 8958 2476 5070 0 2800 7055 0 9944 8963 0 9629 2570 4503 0 2594 498 7548 9402 9718 809 968 2771 291 0 7517 0 0 
2304 3860 0 0 0 0 2800 0 0 5975 2470 6507 8429 9710 5015 3144 1807 595 7175 6628 8791 8719 5324 8650 6047 0 0 0 5826 0 
0 0 3366 7360 837 0 7055 0 0 1328 0 0 0 4781 6608 0 7422 9867 2282 7680 8907 0 8389 1184 3545 6579 9181 7580 93 4292 
3449 4596 3174 856 7208 7731 0 5975 1328 0 5946 0 0 5637 2939 9961 2382 3514 6630 9386 3428 0 6576 0 7747 0 9443 9065 9581 2674 
0 5339 1654 5160 6731 4723 9944 2470 0 5946 0 0 0 7149 6836 0 4467 8341 6263 0 3971 7360 721 4473 9515 9695 9955 2210 0 6355 
0 655 2474 8906 9936 0 8963 6507 0 0 0 0 7609 8938 9938 6795 1898 7984 2192 7874 7861 0 7581 7021 0 4847 9717 0 8000 7036 
0 9475 1981 9192 8264 583 0 8429 0 0 0 7609 0 0 0 0 8870 5647 3283 277 6602 1597 0 4103 5261 4258 6652 8293 6802 8045 
0 2939 1325 6097 9425 5719 9629 9710 4781 5637 7149 8938 0 0 6358 7432 5112 9493 9652 0 2125 0 6753 9032 4305 9988 0 6895 0 6246 
3207 9683 0 0 1825 9920 2570 5015 6608 2939 6836 9938 0 6358 0 1534 8114 9144 3535 6905 6072 6931 9390 2665 0 0 8219 6290 1431 0 
0 0 5954 4431 0 4187 4503 3144 0 9961 0 6795 0 7432 1534 0 2799 0 1417 9810 3951 0 647 0 2455 0 2687 7533 9899 4180 
0 1902 0 2600 8890 3909 0 1807 7422 2382 4467 1898 8870 5112 8114 2799 0 8216 3741 0 0 0 0 7659 1134 7245 2854 4494 0 8482 
0 5196 0 7960 6410 1989 2594 595 9867 3514 8341 7984 5647 9493 9144 0 8216 0 0 2741 0 2314 7626 8741 3374 5335 8779 0 0 1190 
8876 5838 4656 4343 9082 0 498 7175 2282 6630 6263 2192 3283 9652 3535 1417 3741 0 0 6251 3138 0 8901 4606 0 9455 8149 2711 4967 7029 
0 9876 0 5887 5693 1751 7548 6628 7680 9386 0 7874 277 0 6905 9810 0 2741 6251 0 1107 6712 0 3867 3986 1384 0 4793 4717 9453 
0 8309 0 0 2446 8032 9402 8791 8907 3428 3971 7861 6602 2125 6072 3951 0 0 3138 1107 0 6463 8808 7751 9826 5807 2620 1725 4759 1154 
0 0 2642 238 0 9250 9718 8719 0 0 7360 0 1597 0 6931 0 0 2314 0 6712 6463 0 8253 0 5408 4781 0 6661 4845 9299 
4042 5845 1326 2623 0 7226 809 5324 8389 6576 721 7581 0 6753 9390 647 0 7626 8901 0 8808 8253 0 8444 4512 4825 0 0 8888 6289 
6370 9768 9481 0 0 3822 968 8650 1184 0 4473 7021 4103 9032 2665 0 7659 8741 4606 3867 7751 0 8444 0 7149 4947 4512 2339 6115 8395 
0 2439 4230 0 0 0 2771 6047 3545 7747 9515 0 5261 4305 0 2455 1134 3374 0 3986 9826 5408 4512 7149 0 0 5180 1851 7555 6465 
5912 5048 2251 7829 26 0 291 0 6579 0 9695 4847 4258 9988 0 0 7245 5335 9455 1384 5807 4781 4825 4947 0 0 0 9129 9809 9389 
3918 6277 9917 9206 9593 0 0 0 9181 9443 9955 9717 6652 0 8219 2687 2854 8779 8149 0 2620 0 0 4512 5180 0 0 2752 0 6599 
3067 9508 992 7070 6681 9175 7517 0 7580 9065 2210 0 8293 6895 6290 7533 4494 0 2711 4793 1725 6661 0 2339 1851 9129 2752 0 0 2298 
9657 4458 1597 0 0 7922 0 5826 93 9581 0 8000 6802 0 1431 9899 0 0 4967 4717 4759 4845 8888 6115 7555 9809 0 0 0 1807 
287 1501 4789 0 2458 2496 0 0 4292 2674 6355 7036 8045 6246 0 4180 8482 1190 7029 9453 1154 9299 6289 8395 6465 9389 6599 2298 1807 0 
